color_string -r72-g209-b204
255000000
200000000
150000000
128000000
182089006
150050004
090030001
090030030
204153255
189073155
239089191
255128000
200128000
150128000
000255000
000200000
000150000
000128255
030028158
060028100
000255255
030220220
060157199
255255000
255255200
233100000
110110000
128128000
255193037
064000064
185122087
090030030
204153255
189073155
239089191
255128000
200128000
150128000
000255000
000200000
000150000
000128255
030028158
060028100
000255255
030220220
060157199
255255000
255255200
233100000
110110000
128128000
255193037
064000064
185122087
090030030
204153255
189073155
239089191
255128000
200128000
150128000
000255000
000200000
000150000
000128255
030028158
060028100
000255255
030220220
060157199
255255000
255255200
233100000
110110000
128128000
255193037
064000064
185122087
090030030
204153255
189073155
239089191
255128000
200128000
150128000
000255000
000200000
000150000
000128255
030028158
060028100
000255255
030220220
060157199
255255000
255255200
233100000
110110000
128128000
255193037
064000064
185122087
090030030
204153255
189073155
239089191
255128000
200128000
150128000
000255000
000200000
000150000
000128255
030028158
060028100
000255255
030220220
060157199
255255000
255255200
233100000
110110000
128128000
255193037
064000064
185122087
090030030
204153255
189073155
239089191
255128000
200128000
150128000
000255000
000200000
000150000
000128255
030028158
060028100
000255255
030220220
060157199
255255000
255255200
233100000
110110000
072
209
204
